144,
 82,
 106,
 231,
 4,
 27,
 55,
 93,
 214,
 137,
 159,
 110,
 63,
 140,
 125,
 127,
 21,
 103,
 232,
 92,
 19,
 50,
 29,
 228,
 192,
 54,
 235,
 138,
 37,
 202,
 236,
 59,
 218,
 43,
 147,
 204,
 56,
 58,
 122,
 201,
 47,
 162,
 213,
 23,
 114,
 24,
 65,
 94,
 174,
 207,
 133,
 115,
 169,
 126,
 96,
 143,
 173,
 25,
 80,
 34,
 88,
 161,
 86,
 119,
 151,
 154,
 5,
 179,
 81,
 211,
 42,
 67,
 87,
 107,
 198,
 170,
 130,
 113,
 181,
 166,
 116,
 163,
 77,
 112,
 142,
 217,
 241,
 209,
 120,
 190,
 152,
 182,
 40,
 75,
 117,
 16,
 131,
 239,
 18,
 46,
 240,
 227,
 199,
 52,
 64,
 246,
 210,
 223,
 111,
 6,
 20,
 150,
 221,
 243,
 61,
 251,
 48,
 85,
 109,
 14,
 8,
 53,
 49,
 230,
 180,
 148,
 203,
 156,
 145,
 39,
 186,
 78,
 146,
 123,
 167,
 193,
 165,
 234,
 254,
 191,
 72,
 95,
 216,
 44,
 136,
 97,
 73,
 237,
 219,
 245,
 134,
 32,
 197,
 242,
 71,
 83,
 196,
 244,
 15,
 76,
 187,
 250,
 224,
 175,
 157,
 105,
 13,
 26,
 255,
 11,
 212,
 98,
 226,
 132,
 215,
 62,
 2,
 22,
 128,
 183,
 74,
 9,
 129,
 177,
 12,
 168,
 205,
 36,
 195,
 101,
 158,
 176,
 164,
 185,
 99,
 17,
 35,
 100,
 153,
 208,
 238,
 172,
 41,
 194,
 184,
 118,
 1,
 160,
 249,
 178,
 66,
 121,
 104,
 155,
 189,
 124,
 30,
 10,
 90,
 206,
 141,
 89,
 0,
 3,
 108,
 135,
 171,
 233,
 68,
 229,
 253,
 51,
 38,
 84,
 225,
 252,
 220,
 149,
 102,
 33,
 31,
 139,
 91,
 79,
 69,
 70,
 200,
 28,
 7,
 60,
 188,
 247,
 248,
 57,
 45,
 222
